6.469
6.479
6.489
6.489
6.489
6.488
6.569
6.579
6.599
6.599
6.599
6.488
6.499
6.549
6.549
6.799
6.649
6.649
6.649
6.999
6.779
6.799
6.799
6.839
6.879
6.899
6.449
6.497
6.499
6.549
6.549
6.549
6.589
6.649
6.649
6.597
6.649
6.649
6.659
6.699
6.749
6.749
6.749
6.489
6.527
6.539
6.549
6.549
6.549
6.647
6.489
6.599
6.627
6.649
6.699
6.747
6.599
6.698
6.698
6.699
6.798
6.798
6.799
6.799
6.499
6.499
6.599
6.699
6.599
6.649
6.699
6.799
6.454
6.479
6.479
6.489
6.499
6.529
6.554
6.579
6.589
6.599
6.599
6.599
6.299
6.369
6.399
6.499
6.525
6.659
6.669
6.699
6.797
6.798
6.799
6.799
6.799
6.799
6.899
6.399
6.499
6.519
6.525
6.599
6.789
6.799
6.844
6.899
6.899
6.949
6.949
6.998
6.999
6.549
6.559
6.649
6.759
6.498
6.498
6.498
6.499
6.565
6.598
6.598
6.598
6.599
6.665
6.396
6.397
6.399
6.399
6.399
6.399
6.399
6.399
6.399
6.399
6.399
6.399
6.499
6.499
6.499
6.499
6.499
6.559
6.596
6.597
6.599
6.599
6.599
6.599
6.379
6.399
6.499
6.54
6.599
6.77
6.799
6.779
6.789
6.798
6.799
6.799
6.799
6.799
6.799
6.799
6.798
6.799
6.839
6.839
6.839
6.839
6.849
6.859
6.899
6.899
6.789
6.799
6.799
6.799
6.799
6.999
6.889
6.899
6.899
6.949
6.999
6.379
6.599
6.599
6.379
6.799
6.799