6.469
6.469
6.469
6.469
6.488
6.469
6.469
6.499
6.499
6.598
6.559
6.559
6.659
6.759
6.749
6.749
6.769
6.769
6.769
6.769
6.799
6.749
6.769
6.769
6.799
6.869
6.869
6.899
6.169
6.449
6.499
6.499
6.499
6.549
6.549
6.588
6.599
6.599
6.699
6.449
6.654
6.699
6.699
6.699
6.699
6.548
6.549
6.549
6.559
6.599
6.648
6.749
6.479
6.479
6.549
6.689
6.599
6.829
6.479
6.539
6.449
6.459
6.459
6.499
6.599
6.449
6.459
6.559
6.599
6.639
6.67
6.689
6.759
6.759
6.829
6.839
6.7
6.729
6.759
6.789
6.979
6.989
6.454
6.458
6.459
6.459
6.459
6.479
6.479
6.489
6.499
6.499
6.679
5.399
6.199
6.369
6.369
6.698
6.698
6.72
6.729
6.729
6.729
6.729
6.729
6.729
6.759
6.759
6.759
6.769
6.777
6.789
6.799
6.799
5.449
6.21
6.399
6.449
6.72
6.729
6.729
6.729
6.729
6.729
6.729
6.759
6.769
6.859
6.859
6.877
6.899
6.899
6.949
6.479
6.479
6.499
6.539
6.549
6.549
6.549
6.559
6.499
6.549
6.599
6.599
6.679
6.699
6.759
6.279
6.399
6.459
6.499
6.499
6.499
6.749
6.279
6.399
6.499
6.579
6.699
6.699
6.949
6.358
6.359
6.368
6.369
6.369
6.379
6.399
6.399
6.359
6.369
6.499
6.558
6.599
6.599
6.669
6.798
6.399
6.469
6.469
6.489
6.509
6.529
6.549
6.599
6.269
6.269
6.269
6.549
6.549
6.269
6.269
6.269
6.579
6.579
6.769
6.769
6.769
6.798
6.799
6.799
6.799
6.769
6.769
6.769
6.799
6.799
6.848
6.898
6.759
6.769
6.769
6.785
6.798
6.799
6.799
6.799
6.799
6.769
6.799
6.799
6.849
6.896
6.999
6.999
6.377
6.379
6.388
6.389
6.398
6.399
6.479
6.379
6.389
6.448
6.477
6.499